74021317
73787185
75953557
106863963
109017985
147920903
157240665
52789367
156824933
159004131
72459686
3608623
71345381
42230121
49249526
3954355
87226756
97594364
3304875
46240929
49459956
3608625
614854
54266567
10005245
106185389
17879295
1476937
162844699
68585576
73633330
57762732
52788072
126474205
117254517
146223395
72308265
32832104
3639597
81323246
74341297
57325187
1005148
54614797
11122712
49747007
85763211
37699918
4940239
17336364
75307228
145288029
103640412
579823
158634043
104741661
160548374
15267827
13419678
53532186
163165220
70016692
107802183
113530805
92859698
9695881
69764541
151994935
159865191
5067169
117238177
80628929
149257065
77774625
85396163
145288026
57870426
34267257
76013378
161593938
147999778
19792256
4313653
26114399
76388962
102629318
152449148
162201947
165167137
115266692
111580006
8835159
88592202
4780917
36727163
77230663
158868109
150650254
56454897
72202103
32155084
49722650
157195847
27582931
78598381
95218547
69764547
104273017
86517373
164273175
137741275
114937969
161929579
37902342
8886001
73553829
1007137
113655533
111285062
161593960
145630315
22881852
130233544
69644752
91947689
105483727
90622579
100931416
37411897
160997378
985266
1926761
130996088
72882553
76106030
48629556
7718737
165110105
90469338
21367457
4319337
7832540
11194588
70224520
8121460
108715084
113655308
94173462
103379147
157103306
8885999
71990280
107802188
45902241
3071853
108684605
8886007
117681065
59262880
75823566
150682463
3658331
582569
23416722
145288031
87226754
145773127
144779882
75615273
100947276
84595858
157432544
58342212
100376369
40052042
148761077
520313
143172597
145978419
1445367
140416370
107331062
107576379
111290696
129381098
145300485
66619715
165711001
12647219
45663008
141002456
73795267
127844385
148760915
141531685
132355736
104074999
47342678
3640421
3014291
161408750
67991600
57110087
50751279
160759005
145977548
16158713
66067655
833843
10971007
3241171
164336673
69978860
67040913
40933969
71957923
52329763
112110014
126743459
860788
54748899
152740748
76541999
155341276
94803796
55119185
96616370
58616755
129355976
8885995
69248400
2429811
53434797
77324132
40774181
55605170
127654482
103550551
161930878
141918185
140742143
73878873
112333133
165712212
44976191
378448
641906
138226289
4219547
104769768
104314401
95090938
161310113
71149569
74981856
72667834
49317816
120219394
74362508
29246137
69644748
50414368
35283863
159863592
90887853
72542509
10678954
142474690
8835165
125010578
159863593
79672197
111153025
1635863
163143277
60845421
161593951
148760924
123236564
1892785
149180057
159237315
159863604
2903309
109505434
92732216
52584834
87959748
50475521
158085628
76105910
69219919
143186001
76776245
158307847
52329861
1348643
161310108
50072452
35191892
154938513
12377498
160585762
154245457
10095276
127077155
141333746
7833728
20444622
113540576
143217511
49910019
34353994
95220861
160585832
87391047
58340699
12107394
140416366
160931492
73238663
96327064
810227
75414697
3737963
148802204
109018530
166084652
144203242
105376034
95470626
161334969
8128223
165117996
91277007
4080373
146988856
80657321
162832796
124767703
59010153
165030714
129355987
150269635
77223259
121185870
139567621
106584228
394438
149573910
52805060
2393619
157955619
6563565
151597556
145289318
48035293
165030721
377644
5947751
39228816
67991602
116397383
165167133
68267112
90056907
84270561
162426359
165167131
163021120
85361944
75615221
159206184
152517438
159865194
11371249
68296607
146846340
2380007
159644659
95090643
157317126
8965213
149255385
160585764
76175424
73316977
104612965
8835139
161383542
10140336
159865190
164434532
66090079
149089470
56757447
43950725
109862191
54003813
134605014
160081250
116397449
145499877
9490657
146988862
162399283
150491505
153922892
104732041
153608286
156821160
3287699
141918181
161593937
4184211
75636226
59511811
9687412
9687409
109322300
153255378
155106681
139303869
59478514
540039
160931488
93734071
132206365
56692532
91652037
141333748
146988855
137134248
131843987
96512975
139193523
614878
12477872
140635217
140416373
102405533
32415084
3152291
74935174
148750882
155106980
56445333
73105037
100347907
48613098
2716247
51437443
14378792
157054861
1080002
2782635
53495949
95218451
540040
46723656
4466841
106863966
70743650
166449119
76401055
5112975
163902724
158762472
101870295
10383904
155635819
43859629
104074997
83038162
84457161
158868074
56021251
113656455
625841
136340700
160931490
67991610
142675354
115873770
1696349
574041
29190890
132366467
45321594
133580962
166446371
113655001
10581200
38567500
10392851
43342173
69248395
72025570
88979638
46259908
84970841
142833449
100958444
1362559
102775969
113540577
75403873
149534865
71957695
159865293
132355742
104272691
90679276
113656189
50246184
46789754
145630305
580112
75601401
160082482
46626771
103663136
381234
71090268
55071991
68049234
152875147
4061101
163739607
107059014
54672660
12574279
76737958
119694726
149534851
10198213
136939563
106604996
73139676
90985718
545610
17336360
74935375
8885997
73810559
11336581
144779823
163024838
62686754
106273124
76181976
50668886
50685547
41299108
155115313
105663942
9687412
158019964
13333355
125776045
1080548
113540588
27971953
72000017
69624539
166449121
102405538
121372698
626886
1565657
13833466
125009501
85259485
1544255
79539096
85242387
92492870
28292286
57521324
77900446
149942445
87108686
98604483
11189120
11307128
85763213
148600242
138107485
63473605
583680
155114511
48481763
159865288
124639646
155115303
19349145
53452969
91553063
74285820
101782486
682535
147931878
129355968
157317121
55319105
115702579
9948009
137241842
95218447
54616131
4327477
56373209
58390336
58168943
69162891
56690907
113583126
146762390
158706492
51244265
100384412
109793160
27611077
150997930
145289320
48362502
161930894
88249919
94071401
155114525
54380460
157824606
160081248
99513994
110448037
5154511
2812299
152449147
101787132
110448020
19913957
101920974
155114523
54782541
142833447
162100185
332626
158307840
160754106
155200498
145288035
77753682
166525103
339308
160672906
48592472
121635154
96711701
131144751
165117994
136919435
5914507
75540324
10325548
137161811
55506686
161930880
53300998
54624820
16440471
75813201
100382935
117045353
479128
6807847
53303190
70016690
11368965
160555930
143219846
164932239
67491400
160779532
157195845
84565475
3698473
114578907
106864418
49904794
130011864
82996518
114046590
47323853
32192510
136236061
166084132
31375299
50723774
94173458
93327797
53250815
161383823
105357526
163143271
147988216
105376036
72818335
14504343
2716771
10930944
129766541
100931418
6926849
111582640
71658956
74953479
141333755
138269668
73176340
123915913
83757977
130996082
76014598
44183113
1665307
163165029
1750249
83004183
155563731
51660434
15256884
110448022
72225312
73508146
70847902
130416598
162205263
157530103
10366395
55298778
146972778
163143270
148802202
99992425
151712455
66090079
27611050
131394415
53789573
92732206
480040
58134518
14508205
67491398
154240640
102893964
88826423
152458035
77035877
137561099
1709187
55506690
161426372
396937
85253015
107026337
59043891
155115297
9608888
77105730
77105810
161930886
100958457
119692847
76013370
56878836
35196247
19797474
150711999
154240625
85924601
111537683
26272210
162361397
48362492
1670619
23943911
149153655
1670615
23609962
84950232
47511254
111536248
14053724
38265901
149974918
136919439
3828605
85029028
569812
79937406
4780907
59305983
128635778
56758251
35170705
7978782
47504777
80896006
84950236
164323140
54002632
2394395
130743629
57791279
93249305
54378885
149969460
73165394
104651900
161008715
165167138
57761618
95997783
58441509
23413038
160793011
152375119
103550553
117595535
129381090
158634050
38433931
126743464
165167132
73515859
10733034
113500861
51845986
141333760
155635822
92993878
1565659
1471887
107707550
7982626
108598324
2496281
11718091
580142
117978755
77900454
94383325
130743633
157118163
78015044
31991943
35785372
50440386
45419549
73116944
163739384
163574925
103863668
10292507
154245453
70817146
70540568
4255309
66698344
17032440
154240621
145289330
55138389
116971641
157110384
147344107
57798819
101325467
73569032
68267309
5853701
2783105
9687403
95090180
49506137
109505436
145300492
136759425
13446508
56307244
51239952
14655498
124780581
27594632
100931366
144779841
1651281
12107379
14684312
58864689
143513113
125010128
576378
143858313
37667006
58751179
107034694
141483251
95995881
19449079
115483166
5491727
93871195
92096344
23956857
50246190
50322710
22135939
129766803
125644224
154240615
25056859
140742151
67060012
148802195
984938
106863962
573648
158085632
157255752
57510013
49600080
158745349
10405966
687486
56218385
35474348
67271338
83178401
457272
11357193
55119955
129766509
15723860
394434
90660821
87547356
68350213
36363381
719935
32196667
148600247
10397241
36588729
53301006
102151590
88783858
105778970
139296424
151994854
3723281
162201943
463348
545618
147764389
16422556
110883355
98187427
34553362
56027350
138361021
157118049
625084
147988185
138504791
160081252
691516
22634351
44984258
77105728
81437585
139296420
100958526
2796923
112368144
81499980
62724276
144079756
14136016
149520317
158866414
105614684
110448030
149677745
51251660
73684906
127077157
9310480
66452069